9.565844535827636719e-01
9.517722129821777344e-01
9.434401988983154297e-01
9.424381256103515625e-01
9.416198730468750000e-01
9.410023689270019531e-01
9.409747123718261719e-01
9.400548934936523438e-01
9.395396709442138672e-01
9.395112991333007812e-01
9.385929107666015625e-01
9.370722770690917969e-01
9.370422363281250000e-01
9.365844726562500000e-01
9.360661506652832031e-01
9.341764450073242188e-01
9.327757358551025391e-01
9.327137470245361328e-01
9.303717613220214844e-01
9.293007850646972656e-01
9.288790225982666016e-01
9.283590316772460938e-01
9.274177551269531250e-01
9.274177551269531250e-01
9.259564876556396484e-01
9.250500202178955078e-01
9.210121631622314453e-01
9.192106723785400391e-01
9.191372394561767578e-01
9.113438129425048828e-01
9.111337661743164062e-01
9.097912311553955078e-01
9.078912734985351562e-01
9.035503864288330078e-01
8.958532810211181641e-01
8.923974037170410156e-01
8.894762992858886719e-01
8.453242778778076172e-01
8.178932666778564453e-01
7.879743576049804688e-01
5.580991506576538086e-02
1.418828219175338745e-02
