9.444153308868408203e-01
9.356088638305664062e-01
9.274177551269531250e-01
9.190618991851806641e-01
9.141454696655273438e-01
9.136986732482910156e-01
9.109783172607421875e-01
9.108152389526367188e-01
9.098405838012695312e-01
9.022235870361328125e-01
9.012508392333984375e-01
8.986320495605468750e-01
8.971700668334960938e-01
8.952698707580566406e-01
8.942956924438476562e-01
8.929824829101562500e-01
8.923473358154296875e-01
8.913221359252929688e-01
8.842804431915283203e-01
8.840517997741699219e-01
8.767604827880859375e-01
8.763313293457031250e-01
8.762733936309814453e-01
8.762149810791015625e-01
8.751568794250488281e-01
8.690760135650634766e-01
8.656206130981445312e-01
8.575077056884765625e-01
8.571875095367431641e-01
8.570568561553955078e-01
8.489964008331298828e-01
8.476126194000244141e-01
8.457322120666503906e-01
8.337223529815673828e-01
8.313088417053222656e-01
8.121414184570312500e-01
6.521019935607910156e-01
2.681844234466552734e-01
1.945304870605468750e-01
1.870610713958740234e-01
1.723705530166625977e-01
1.335558891296386719e-01
1.020963191986083984e-01
9.320765733718872070e-02
7.383191585540771484e-02
6.535232067108154297e-02
4.063281416893005371e-02
3.458574414253234863e-02
2.754360437393188477e-02
1.850811392068862915e-02
1.356884837150573730e-02
1.195202767848968506e-02
